===== Daily Report =====

====  scan_ms_zack_st_perf_  =====

   symbol  rank      px    p1d     p1w     p4w    p12w    p24w    pmax
21   BIDU 2.000 207.800  1.500   4.170  41.840   0.750   0.030 -15.540
16   LNKD 2.000 250.210  0.580  -0.790  29.300  11.170  -2.280  10.550
10   AMZN 2.000 661.270 -0.340  -1.780  20.470  24.900  78.260  98.240
28   NVDA 1.000  31.120  0.290   2.390  18.330  61.530  49.790  51.220
13    DOW 2.000  53.320  0.300   3.130  14.640  17.150  16.960   6.790
22    TXN 1.000  57.950 -0.020   0.610  14.570  19.780   6.030   9.440
4    LITB 2.000   3.020 -1.310 -17.030  13.960 -28.940 -33.330 -54.030
1    BIIB 2.000 289.440 -0.870  -1.510  13.040  -3.530 -32.940  -5.080
8      FB 2.000 106.260 -1.400  -2.520  12.900   9.600  28.150  36.900
26    TRV 2.000 115.020  0.300   0.560  11.330   9.950   8.220  12.740
2    VNTV 1.000  52.040 -0.060   1.360   9.880  29.450  38.330  54.560
6     MCD 2.000 113.300  0.680  -0.480   9.600  18.940  17.480  20.860
24     GM 2.000  36.140 -0.880   1.660   9.090  17.790  -1.110  17.240
5    GILD 2.000 106.510 -1.500  -0.630   8.470  -5.230   7.470   7.000
18   INTC 2.000  34.300  3.440   4.380   7.810  24.120  17.370  -4.250
14     BA 2.000 149.240  0.650   2.930   7.040   4.900   2.600  13.540
15    LLY 2.000  83.720  0.080   3.740   5.820   0.040  14.770  27.680
19   FSLR 2.000  53.280 -1.220  -2.680   5.340  23.990 -11.330   3.400
7     CRM 2.000  80.640  4.250   2.450   5.230   9.090  22.590  36.150
25     HD 2.000 126.860  0.250   1.720   4.320  12.250  12.760  32.510
30      T 2.000  33.620  0.240   2.130   1.200  -0.550   7.460   1.190
9     BWP 1.000  12.550 -0.710   0.400   0.040  -5.060 -21.840 -24.150
27    NKE 2.000 125.780  0.000  -1.290  -0.020  11.600  27.730  30.040
29     KR 2.000  37.320 -0.590   0.780  -0.040  -2.160  -0.870  27.410
11   ESRX 2.000  83.560 -1.490  -1.580  -0.450  -9.460   0.130   1.480
12      N 2.000  86.450  1.800   0.960  -2.150 -13.320  -5.410 -18.110
3    CTXS 1.000  72.620  2.950 -10.220  -2.630   4.820  15.540  10.310
0     MRO 2.000  17.640 -1.450   2.260  -4.830 -16.360 -31.670 -44.070
17   ALLY 2.000  19.360 -1.170  -2.220  -6.160 -11.400  -7.280 -18.100
23     FL 2.000  61.530  0.670  -1.050 -11.770 -11.060   0.190  10.130
20   FEYE 2.000  22.920  1.010   4.470 -25.540 -50.960 -41.550 -27.610


====  scan_st_sma_st_dmi_  =====

     symbol      px    ma10    ma50   ma100   ma200  ma10_sell  ma10_buy  ma50_sell  ma50_buy  dmi_sell  dmi_buy
353    JAZZ 145.040 139.320 139.050 158.910 168.300      6.000    15.000    162.000     1.000    64.000    0.000
934     BMY  66.940  65.290  63.110  63.450  63.800     10.000     2.000    115.000    28.000     5.000    1.000
1450     PG  76.220  75.380  73.510  74.440  77.270     85.000     0.000        nan    32.000     4.000    6.000
1587    AGN 302.050 302.340 286.830 299.970 298.530     27.000    18.000    130.000    15.000     8.000    6.000
1599    BWP  12.550  12.600  12.750  13.170  14.550    125.000    14.000    123.000    45.000     5.000   13.000
2557   NFLX 120.220 113.130 106.130 107.720  92.100        nan    17.000     31.000       nan    26.000    1.000
3149   ORCL  39.020  38.960  37.800  38.290  40.640    223.000    19.000    115.000    19.000   111.000   19.000
3562   ALSN  27.700  27.440  27.730  28.240  29.580     24.000     0.000    128.000    19.000     9.000   18.000
6120    PLD  42.290  41.520  40.830  39.900  40.340    165.000     0.000    193.000    35.000     8.000    0.000


====  scan_ind_recopattern_  =====

  symbol exg      px
0    IBM     136.740


====  scan_ind_recopattern_  =====

  symbol exg      px
0    IBM     136.740


====  scan_ind_recopattern_  =====

  symbol exg      px
0    IBM     136.740


====  scan_ind_recopattern_  =====

  symbol exg      px
0    IBM     136.740


====  scan_ind_recopattern_  =====

  symbol exg      px
0    IBM     136.740


====  scan_ind_recopattern_  =====

  symbol exg      px
0    IBM     136.740


====  scan_ind_recopattern_  =====

  symbol exg      px
0    IBM     136.740


====  scan_ind_recopattern_  =====

  symbol exg      px
0    IBM     136.740
