===== Daily Report =====

[  zack rank<=2 and performance in 4 weeks  ]

marketscan.py


====  scan_ms_zack_st_perf_  =====

symbol  rank      px    p1d    p1w     p4w    p12w    p24w    pmax
  FSLR 2.000  59.670  2.560  8.730  18.320  14.930  -2.610  86.530
  LNKD 2.000 245.510 -1.730 -2.220  16.690  27.410  -1.720 117.940
  NVDA 1.000  32.500 -0.760  5.110  14.110  59.190  50.560 170.170
  AMZN 2.000 676.010 -0.450 -0.440  12.850  25.880  80.550 162.720
  VNTV 1.000  52.590 -0.470  0.440  12.540  19.500  35.860 155.170
   AZN 1.000  34.320 -1.290  1.060   9.440   0.690  -0.070  63.820
   LLY 2.000  84.560 -2.240 -0.210   8.670   1.040  20.220  87.950
    HD 2.000 133.810 -0.460  1.440   7.860  14.480  18.810 124.250
   TSN 2.000  50.580 -0.140  5.500   6.940  22.830  30.500 159.990
   DOW 2.000  52.290 -2.120 -1.340   3.910  12.060   9.720  73.570
    FB 2.000 106.070 -0.980 -0.820   3.800   9.990  28.850 278.820
    FL 2.000  65.890  0.320  1.280   3.580  -8.730   8.260 120.650
   CRM 2.000  80.880 -0.160  0.120   2.950  11.510  18.590  89.010
  BIIB 2.000 284.960 -1.750 -3.160   2.880 -15.040 -31.840  89.970
     N 2.000  87.210  1.790  2.470   2.580 -10.860  -8.860  26.390
   TRV 2.000 114.710 -0.840 -0.800   2.160   8.810   8.200  67.860
  ESRX 2.000  86.670 -0.170  1.440   1.830  -4.500   3.030  55.830
   MCD 2.000 113.720 -0.640  0.120   1.800  15.850  21.040  39.450
   NKE 1.000 132.650 -0.500  0.140   1.620  13.910  33.870 164.710
    KR 2.000  38.110 -0.240  2.310   1.050  -1.930   0.640 201.660
    BA 2.000 146.960 -0.530 -0.930   0.800   2.010  -1.680 104.070
  INTC 2.000  34.830 -0.740  1.020   0.500  20.450  13.960  80.040
     T 2.000  33.560 -0.620  0.300  -0.530  -1.530   5.520  12.380
    GM 2.000  35.730 -1.460 -0.970  -0.610  14.460   2.280  30.950
   BWP 1.000  12.400 -1.740 -0.320  -0.680  -9.500 -22.260 -46.460
   TXN 1.000  57.550 -1.300  0.350  -1.790  13.890   3.060  93.200
  GILD 2.000 104.440 -1.330 -1.810  -3.290 -11.640   6.630 180.390
  CTXS 1.000  77.190 -0.820  1.790  -4.870   0.300  22.020  13.230
   MRO 2.000  16.670 -5.450 -4.910  -8.640 -14.490 -39.440 -43.320
  FEYE 2.000  22.140 -2.380 -4.650 -18.690 -50.310 -44.530 -38.500


[  dmi  ]

marketscan.py


====  scan_st_sma_st_dmi_  =====

symbol      px    ma10    ma50   ma100   ma200  ma10_sell  ma10_buy  ma50_sell  ma50_buy  ma50_200_sell  ma50_200_buy  dmi_sell  dmi_buy
   MRK  53.820  53.920  52.440  54.050  55.770     16.000     8.000    119.000    26.000         77.000       135.000   111.000    0.000
   BMY  67.780  67.720  64.200  63.450  64.170     18.000    10.000    123.000    36.000         50.000       290.000    13.000    9.000
    PG  75.790  75.850  74.590  74.150  76.960     93.000     8.000    222.000    40.000        165.000       404.000    12.000    0.000
   IBM 139.700 138.500 141.200 146.650 154.420    260.000     8.000    119.000    38.000         66.000       129.000    30.000    1.000
   GSK  40.920  40.810  40.360  40.760  42.330     51.000     8.000    155.000    32.000        108.000       173.000     5.000    7.000
  ORCL  38.700  39.100  38.130  38.220  40.480    231.000     7.000    123.000    27.000         90.000       238.000   119.000    7.000
  ALLY  19.840  19.840  20.200  20.990  21.380    140.000     1.000    102.000   151.000         49.000       113.000    81.000    1.000
  VIAV   6.300   6.310   5.980   5.910   6.630     12.000     6.000    414.000    41.000        128.000       271.000    21.000    7.000
  BABA  85.000  81.380  74.250  73.690  79.360     50.000     6.000    114.000    36.000            nan           nan    90.000    7.000
  BLUE  81.010  84.700  84.990 113.890 128.980    123.000     9.000        nan     3.000         40.000       366.000    50.000    4.000
   PLD  42.350  42.980  41.700  40.320  40.340    173.000     8.000    201.000    43.000        121.000        11.000    16.000    8.000


[  green line  ]

marketscan.py


====  scan_st_greenline_  =====

symbol      px   sctr  money_wave  sctrrank
   RTN 123.800 16.594      17.187    90.230
   NOC 185.690 12.844      18.908    87.356
   PSX  90.440 12.625      29.868    85.632
  SBUX  61.220 12.476      29.481    85.057
  COST 161.090 12.258      14.733    83.908
  KITE  72.860 12.084      16.500    82.184
   LMT 218.940 11.174       9.630    80.460
    GE  29.970 11.033      14.273    79.310
    KO  42.770  8.458      18.825    72.989
   DIS 114.000  5.705      16.039    59.195
    MA  97.100  4.766      22.337    56.322
   MMM 155.700  3.378      12.718    53.448


[  golden cross  ]

marketscan.py


====  scan_st_sma_  =====

symbol      px    ma10    ma50   ma100   ma200  ma10_sell  ma10_buy  ma50_sell  ma50_buy  ma50_200_sell  ma50_200_buy
   JNJ 102.050 102.090  98.040  96.920  97.630    133.000    44.000    162.000    32.000        195.000         1.000
   BAC  17.620  17.550  16.590  16.740  16.480     12.000   239.000    103.000    27.000         37.000         2.000
   DIS 114.000 117.090 110.950 109.860 109.190    145.000    43.000    294.000    36.000         39.000         7.000
   PCL  49.990  50.430  43.220  41.350  41.220    169.000    88.000    135.000    84.000        101.000         8.000
   DOW  52.290  52.790  49.040  47.000  48.150    193.000    43.000     95.000   250.000         64.000         4.000
    WB  18.690  18.160  15.650  14.330  15.050     22.000   190.000    301.000    41.000         69.000         4.000
   TXN  57.550  57.800  54.260  51.300  53.020     51.000    56.000    162.000   305.000         94.000         5.000
    GM  35.730  36.210  34.080  32.160  33.710     49.000    43.000    342.000    55.000         89.000         2.000
  QIHU  70.680  66.860  57.550  56.950  57.070     34.000    52.000     78.000    32.000         55.000         0.000
   JPM  66.660  67.130  64.130  64.750  63.980     12.000    43.000    287.000    27.000         28.000         0.000


[  death cross  ]

marketscan.py


====  scan_st_sma_  =====

symbol      px    ma10    ma50   ma100   ma200  ma10_sell  ma10_buy  ma50_sell  ma50_buy  ma50_200_sell  ma50_200_buy
   UNH 117.640 113.720 116.270 117.530 116.950     93.000    24.000     19.000    24.000          2.000           nan
   CMG 574.660 577.120 656.480 690.060 666.170    229.000     1.000    208.000   163.000          2.000        75.000
   HUM 173.130 169.210 176.360 180.480 180.500    190.000     3.000    103.000    58.000          8.000           nan


[  performance report 1week  ]

marketscan.py


====  scan_ind_ma_st_perf_  =====

symbol      px    ma10    ma50   ma100   ma200    p1d     p1w     p4w    p12w    p24w    pmax
  SCTY  34.350  29.590  36.430  43.650  49.630  9.430  21.770 -12.460 -42.910 -34.910 178.590
  CRUS  34.240  30.600  30.390  30.430  32.280  3.790  18.230   1.480  14.210   4.170  14.750
  QUNR  45.250  40.790  38.280  37.560  39.770  1.800  12.870  14.500   6.070   8.880  59.330
  PANW 190.790 179.210 168.970 173.150 164.730  0.980  10.910  19.840   0.270  31.730 272.420
   VRX  96.230  88.150 125.440 182.410 198.940 -2.580  10.090 -17.160 -63.340 -51.630  58.400
  SWKS  84.630  80.800  80.210  85.310  91.720  1.040   8.890   2.870  -4.540 -11.890 297.250
  FSLR  59.670  55.960  51.910  49.440  52.660  2.560   8.730  18.320  14.930  -2.610  86.530
   ADI  60.740  59.830  58.740  57.960  59.910 -0.700   7.640  -3.900   1.520  -1.970  50.280
  LITB   3.490   3.230   2.990   3.230   4.080 -3.320   7.380  30.710  -5.930 -31.840 -69.940
  QCOM  51.850  48.910  54.450  56.580  61.690  5.170   6.930 -13.780 -17.340 -21.020 -14.000
  YHOO  35.650  33.430  32.640  33.730  38.300  5.750   6.860   7.480  -4.300 -18.250  77.540
  TSLA 231.990 225.960 225.900 239.510 233.810 -2.190   6.540  10.950 -14.120  14.140 556.080
  QIHU  70.680  66.860  57.550  56.950  57.070  1.030   6.490  30.550  10.440  30.890 137.260
  AVGO 132.210 128.430 123.030 124.250 126.520 -0.510   6.270   2.030   6.310   5.850 325.520
  GPRO  20.090  19.940  26.230  38.550  43.580 -0.200   5.790 -31.080 -67.940 -53.890 -35.900
   TSN  50.580  48.120  45.280  43.840  42.200 -0.140   5.500   6.940  22.830  30.500 159.990
  SBAC 108.130 105.680 109.490 113.710 116.010 -1.210   5.480  -6.850 -10.440  -9.600  48.960
   UNH 117.640 113.720 116.270 117.530 116.950  1.620   5.340   1.920  -4.250   1.540 126.380
   AGN 317.460 313.230 289.850 300.540 299.910 -1.560   5.220  18.210  -5.700   7.410 276.990
  NVDA  32.500  31.510  28.130  24.830  23.170 -0.760   5.110  14.110  59.190  50.560 170.170
   PFE  32.900  32.600  33.110  33.400  33.510 -2.140   5.010  -2.600  -7.410  -2.430  40.370
  BABA  85.000  81.380  74.250  73.690  79.360  1.190   4.540  12.400   6.490   3.390  -9.470
   VMW  60.660  59.770  65.840  74.780  80.300 -2.460   4.390   4.260 -29.650 -27.340 -36.100
    WB  18.690  18.160  15.650  14.330  15.050  0.270   4.060  12.250  34.750  38.240  -7.660
  NTES 170.920 164.030 140.820 134.480 129.000  3.940   4.020  21.120  18.290  54.130 330.890
  ILMN 181.600 179.440 160.270 184.910 192.570 -3.100   4.000  23.180 -15.870  -0.630 227.680
   HCA  70.010  68.700  71.860  80.530  79.800 -1.620   3.930   1.490 -24.120  -7.540 123.670
  TRMB  23.440  22.690  19.750  19.940  22.340  2.900   3.810  26.570  22.210  -5.100 -23.800
    MS  34.890  34.140  33.120  34.750  35.950 -1.080   3.720   7.460 -10.120  -1.700  84.050
   AAL  43.820  42.110  42.910  42.080  44.240  1.290   3.590  -3.840   2.460  -7.140 217.740
  SINA  51.490  50.810  46.260  42.900  42.760 -0.600   3.500   9.200  26.230  55.610  -1.490
   MGM  23.430  22.850  21.700  21.040  20.780  0.640   3.350  10.050   4.790  10.990  90.950
   CVS  94.500  93.600  98.500 102.080 102.020 -1.000   3.210  -9.090 -14.730  -7.450  98.790
  NFLX 128.930 124.030 110.080 110.070  94.480  2.840   3.120  28.880   4.220 113.130 880.880
   YUM  74.950  72.810  72.800  78.110  81.320  0.630   3.110   2.830 -15.270  -2.690  18.790
    AA   9.350   9.090   9.240   9.400  11.180 -1.370   3.090   2.630  -3.890 -29.790   7.430
  BRCM  54.800  53.960  51.970  51.580  49.470 -0.510   3.020   3.410   9.180  28.000  65.330
   HUM 173.130 169.210 176.360 180.480 180.500 -0.240   3.010   2.930  -6.540  -2.490 159.600
  MNST 154.810 152.880 141.280 141.700 138.020 -1.530   2.930   9.340   0.530  12.570 185.470
    YY  61.340  59.730  57.420  57.550  60.240  3.980   2.900   8.300   2.350  10.200 328.650
  JUNO  55.830  55.080  49.770  46.340  49.510  0.470   2.820  13.430  19.630  -0.830   2.990
   CMG 574.660 577.120 656.480 690.060 666.170 -1.050   2.750 -11.550 -24.160 -12.730  90.880
  LPLA  46.370  45.530  41.820  42.190  42.810 -0.810   2.630  13.980   7.430   9.070  70.580
   JAH  47.810  46.650  48.210  50.790  51.790 -0.380   2.600   2.800 -14.400  -9.240 102.970
   LPG  12.870  12.830  11.890  12.830  13.280 -0.920   2.550  14.400  -8.720  -4.030 -30.950
     N  87.210  85.710  86.480  89.670  92.130  1.790   2.470   2.580 -10.860  -8.860  26.390
    KR  38.110  37.570  37.200  37.090  36.770 -0.240   2.310   1.050  -1.930   0.640 201.660
   EMC  25.820  25.380  25.730  25.470  25.980  1.100   2.180  -1.070  -3.360  -0.460   8.360
   MON  97.110  95.950  91.420  94.980 104.780 -0.210   1.930   6.290  -4.920 -16.700   5.820
  MSFT  55.210  54.280  50.190  47.410  45.650 -0.020   1.880   5.130  17.590  35.590 117.340
  BIDU 211.360 208.280 172.850 168.610 186.630 -1.280   1.880  34.110  22.360   3.670 103.000
  CTXS  77.190  75.580  76.600  74.300  70.020 -0.820   1.790  -4.870   0.300  22.020  13.230
    GG  11.840  11.840  13.080  13.370  15.810 -2.390   1.720 -23.680  -9.420 -36.730 -66.120
   NOK   7.440   7.300   7.080   6.820   7.060  0.400   1.640   9.250   8.610  -1.480  97.660
  KLAC  67.720  66.910  60.010  55.200  56.620 -0.270   1.590   4.440  30.930  20.350  86.020
  APEI  23.070  22.810  22.720  23.140  25.730 -0.900   1.540   0.480  -5.330 -25.340 -37.580
  FITB  20.750  20.560  19.500  19.880  19.810 -1.280   1.520   8.580  -2.150   9.530  41.050
    HD 133.810 131.660 123.220 119.290 115.270 -0.460   1.440   7.860  14.480  18.810 124.250
  ESRX  86.670  85.510  84.730  86.110  86.330 -0.170   1.440   1.830  -4.500   3.030  55.830
    FL  65.890  64.680  67.660  69.330  65.440  0.320   1.280   3.580  -8.730   8.260 120.650
   GSK  40.920  40.810  40.360  40.760  42.330  0.000   1.260  -1.450  -4.780  -9.860   8.300
   AIG  63.500  63.010  60.340  60.790  59.310 -0.970   1.180   3.620   1.340  16.300  78.020
   BAC  17.620  17.550  16.590  16.740  16.480 -0.790   1.140   6.960  -0.800  15.000  49.780
    DD  67.270  67.100  59.910  56.260  61.660 -0.010   1.130  12.250  24.870   0.770  68.140
   MAN  90.280  90.110  86.750  87.890  86.090 -1.810   1.090   6.350   0.150   6.820 117.200
   AZN  34.320  34.100  32.340  32.600  33.150 -1.290   1.060   9.440   0.690  -0.070  63.820
  INTC  34.830  34.460  32.710  30.600  31.050 -0.740   1.020   0.500  20.450  13.960  80.040
     A  40.420  40.440  37.160  37.530  39.340 -1.560   0.970   8.920  -0.450  -4.240  38.700
    GS 190.260 190.440 185.690 190.600 194.410 -1.460   0.910   2.920  -6.870  -0.120  50.300
   IBM 139.700 138.500 141.200 146.650 154.420 -1.120   0.900  -2.540  -9.960 -11.610 -23.280
  GOOG 762.380 750.970 689.890 659.610 600.350 -0.610   0.850   8.600  18.420  41.960  36.510
  TWTR  25.400  25.740  27.760  28.700  35.620 -0.510   0.790 -16.120 -10.810 -51.960 -43.430
 RDS-A  49.600  50.010  50.990  51.810  55.010 -1.000   0.750  -7.140 -11.050 -15.900 -15.350
  ERIC   9.540   9.530   9.830   9.990  10.840  0.100   0.740  -2.650  -9.320 -23.180   2.000
  VNTV  52.590  52.380  48.820  46.180  42.580 -0.470   0.440  12.540  19.500  35.860 155.170
   TXN  57.550  57.800  54.260  51.300  53.020 -1.300   0.350  -1.790  13.890   3.060  93.200
  ALXN 176.580 177.850 167.630 176.330 176.470 -2.050   0.350   3.170 -10.790   0.330  76.490
    KO  42.770  42.700  41.530  40.530  40.170 -0.280   0.320   0.720   3.210   6.880  24.540
     T  33.560  33.570  33.120  33.180  33.100 -0.620   0.300  -0.530  -1.530   5.520  12.380
   CVX  90.250  90.870  87.880  84.840  92.990 -2.410   0.270   0.120  10.080 -13.930  -8.580
   PXD 143.820 144.720 137.260 130.250 143.440 -3.640   0.150   4.680  14.540 -16.290  31.250
 GOOGL 777.850 770.900 716.040 687.770 620.350 -0.760   0.150   8.140  15.530  42.760 114.880
   NKE 132.650 131.590 127.930 120.260 110.750 -0.500   0.140   1.620  13.910  33.870 164.710
   PRU  86.250  86.430  81.250  82.280  82.320 -1.420   0.130   5.420  -2.580  10.630  66.590
   MCD 113.720 113.410 107.100 101.670  98.180 -0.640   0.120   1.800  15.850  21.040  39.450
   CRM  80.880  80.210  76.920  73.980  71.800 -0.160   0.120   2.950  11.510  18.590  89.010
   MOS  30.710  31.250  32.600  36.870  41.240 -3.490   0.060 -13.030 -30.040 -31.550 -42.990
   SAP  79.130  79.300  74.470  71.970  71.990 -0.740   0.040   2.340   9.370  10.180   0.820
  CSCO  27.440  27.360  27.570  27.240  27.660 -0.470   0.040  -6.510  -2.150   1.770  46.710
   CAT  71.030  71.180  70.050  72.940  77.710 -0.740   0.010  -1.000  -6.580  -9.250 -17.430
  VIAV   6.300   6.310   5.980   5.910   6.630 -1.410   0.000   6.240   0.160 -15.390 -21.060
   SNY  43.870  44.090  47.430  49.500  49.380 -0.410  -0.020 -14.170 -19.810 -12.130   1.440
   CBI  41.690  42.180  42.130  44.500  47.100 -1.540  -0.120   0.140 -19.840 -15.510 -10.700
  ALLY  19.840  19.840  20.200  20.990  21.380 -1.640  -0.150  -0.750 -11.230  -3.450 -23.600
    DB  25.410  25.730  27.650  29.540  30.770 -2.940  -0.160 -17.370 -25.400 -27.250 -37.050
    VZ  44.920  45.280  44.880  45.290  46.370 -1.450  -0.160  -2.690  -2.440  -5.500  16.100
   PCL  49.990  50.430  43.220  41.350  41.220 -1.280  -0.200  23.520  22.720  18.900  24.010
   LLY  84.560  84.090  81.700  82.530  78.540 -2.240  -0.210   8.670   1.040  20.220  87.950
   ACN 107.590 107.580 104.110 101.330  97.170 -0.500  -0.230  -0.370   4.060  14.030  67.190
    PG  75.790  75.850  74.590  74.150  76.960 -0.200  -0.240  -1.610   0.930  -5.670  19.980
     C  54.140  54.470  52.780  53.970  53.860 -1.350  -0.260   1.020  -7.750   5.370  31.850
   BMY  67.780  67.720  64.200  63.450  64.170 -0.700  -0.310   4.020   4.840   8.870 123.530
   BWP  12.400  12.600  12.570  13.040  14.420 -1.740  -0.320  -0.680  -9.500 -22.260 -46.460
   JPM  66.660  67.130  64.130  64.750  63.980 -1.410  -0.330   4.370  -2.310  11.060  60.740
   MRK  53.820  53.920  52.440  54.050  55.770 -1.370  -0.350   1.780  -8.150  -4.760  42.600
  AMZN 676.010 671.190 601.670 558.260 483.000 -0.450  -0.440  12.850  25.880  80.550 162.720
   ABT  45.220  45.490  43.320  45.280  46.280 -0.530  -0.480   3.720  -9.900  -0.550  49.720
  CIEN  24.760  24.840  23.370  23.410  22.830 -1.320  -0.520   5.230   0.360  27.760  50.240
   MDT  76.110  76.350  73.440  73.730  74.750 -0.520  -0.590   3.280  -2.730  -0.350  91.800
   IBB 333.940 336.120 321.080 342.630 349.370 -0.660  -0.590   5.580 -13.650  -2.320 136.350
   BLK 358.920 358.830 333.920 326.440 342.140 -0.780  -0.600   5.960   8.650  -0.750  81.650
    IR  58.040  58.500  56.150  57.750  62.620 -1.590  -0.630   2.580  -2.680 -12.990  53.550
   PEP  99.480  99.840  98.280  96.220  95.050 -0.870  -0.670  -2.200   1.780   5.700  56.200
   JNJ 102.050 102.090  98.040  96.920  97.630 -0.300  -0.700   2.480   3.050   4.240  57.070
   NOC 185.690 187.320 178.520 173.020 166.070 -0.860  -0.720   3.700   7.900  15.610 191.490
   KMB 119.770 119.900 116.090 112.660 109.440 -0.400  -0.780  -0.490   3.460  14.690  59.100
   TRV 114.710 115.120 109.110 105.800 104.180 -0.840  -0.800   2.160   8.810   8.200  67.860
    FB 106.070 106.230 100.330  96.440  89.120 -0.980  -0.820   3.800   9.990  28.850 278.820
   XOM  79.550  80.860  79.580  77.650  80.730 -2.860  -0.910  -3.300   4.960  -4.760  -2.020
    BA 146.960 147.840 141.460 139.720 142.510 -0.530  -0.930   0.800   2.010  -1.680 104.070
   WFC  55.080  55.480  53.550  54.170  54.410 -1.130  -0.940   1.290  -3.800   4.030  70.740
    GM  35.730  36.210  34.080  32.160  33.710 -1.460  -0.970  -0.610  14.460   2.280  30.950
   MAR  71.690  71.870  73.330  72.700  75.850 -0.790  -0.980  -4.470   2.100  -8.520  92.290
   COH  30.880  30.890  30.130  30.140  33.950 -1.130  -1.060   3.600  -0.500 -24.760 -38.230
  ORCL  38.700  39.100  38.130  38.220  40.480 -1.350  -1.120   1.650  -1.980  -9.220  15.360
  AAPL 116.280 117.980 115.030 115.520 120.760 -0.900  -1.250  -1.930   1.650  -6.520  57.820
  BBRY   7.720   7.820   7.280   7.400   8.510 -1.780  -1.280   5.460   1.450 -17.170 -34.130
     V  79.040  79.810  76.110  74.040  70.690 -1.090  -1.340   2.740   5.780  20.750 108.070
   DOW  52.290  52.790  49.040  47.000  48.150 -2.120  -1.340   3.910  12.060   9.720  73.570
   COP  52.550  53.860  53.030  51.110  56.630 -3.770  -1.370  -3.770   8.430 -17.030   0.950
   RHT  81.610  81.910  77.980  76.640  75.660 -0.740  -1.380   5.450   1.830   8.260  49.470
  COST 161.090 162.260 154.490 148.470 146.300 -0.120  -1.440   3.700  10.250   6.990  69.450
   AXP  71.200  71.980  74.100  75.480  77.200 -1.390  -1.440  -4.540  -5.450  -8.420  25.340
  JAZZ 145.600 147.050 137.200 156.540 167.460 -2.100  -1.500  10.860 -24.130 -13.730 166.760
  ALSN  27.420  27.760  27.690  28.150  29.440 -1.510  -1.510  -2.930  -5.620 -12.520  39.190
  VOYA  40.500  41.070  40.280  42.220  43.510 -0.880  -1.530   0.100 -10.530  -7.600  94.850
   MJN  80.130  81.530  77.950  79.980  88.250 -0.710  -1.790  -1.220  -8.370 -21.140  22.150
    CL  65.680  66.240  65.900  65.470  66.400 -0.230  -1.810  -4.730  -4.380  -4.180  32.010
  GILD 104.440 106.610 104.190 107.850 107.310 -1.330  -1.810  -3.290 -11.640   6.630 180.390
   MMM 155.700 157.590 151.670 148.450 153.630 -0.760  -1.860   0.600   4.510  -4.450  76.580
   PSX  90.440  92.210  85.760  82.300  80.000 -2.410  -1.880   9.170  17.020  18.610  75.830
   NVS  85.020  86.640  90.170  95.160  98.240 -1.080  -1.880  -8.560 -17.660 -16.090  46.960
  CELG 111.430 112.620 115.680 121.200 118.850  0.790  -1.910  -7.200 -16.040  -1.140 174.800
     F  14.260  14.500  14.460  14.310  14.790 -2.060  -1.990  -8.070  -2.670  -7.610  19.130
   PLD  42.350  42.980  41.700  40.320  40.340 -3.020  -2.010  -1.580   5.740  -0.360  24.080
    GE  29.970  30.350  28.680  27.000  26.550 -0.660  -2.030   1.560  15.860  21.880  54.140
     D  66.140  67.490  69.470  69.510  69.100 -1.880  -2.130  -8.640  -5.300  -5.480  39.440
   MHK 190.060 191.720 191.680 196.000 190.370 -0.500  -2.190  -2.770  -6.260   4.950 103.990
  BMRN  95.650  98.490 106.150 120.980 121.980 -2.330  -2.200  -8.150 -33.420 -21.060  84.230
  LNKD 245.510 247.850 220.940 209.330 221.380 -1.730  -2.220  16.690  27.410  -1.720 117.940
  FOXA  29.310  29.810  29.130  29.450  31.550 -1.410  -2.230  -2.660  -7.660 -13.920  27.690
  SIVB 128.180 130.550 123.880 129.280 130.960 -2.670  -2.250   3.280 -13.220   2.650 120.090
  SBUX  61.220  61.820  60.500  58.220  53.920 -0.240  -2.270  -1.900   4.080  31.360 131.920
    MA  97.100  98.520  96.980  95.590  93.280 -0.850  -2.280  -2.700  -1.020  10.820  93.470
   RTN 123.800 125.530 116.070 110.350 107.140 -0.550  -2.340   5.120  13.230  15.350 127.460
   WMT  58.350  59.370  60.180  64.110  70.320 -0.260  -2.360   0.920 -19.960 -25.940  -9.030
   LMT 218.940 222.590 213.790 208.380 199.710 -0.570  -2.420   0.560   6.090  11.880 160.650
  CTRP  53.750  53.230  42.550  38.720  35.370 -1.240  -2.800  44.610  35.220  75.620 364.160
   AAP 157.930 162.760 182.860 178.670 165.900 -2.720  -2.880 -17.720  -9.860   7.720 119.100
   UTX  95.250  97.170  95.220  95.720 105.490 -1.500  -2.900  -4.730  -2.410 -17.420  21.280
  BIIB 284.960 290.230 284.610 304.480 355.890 -1.750  -3.160   2.880 -15.040 -31.840  89.970
  CYOU  21.440  21.960  19.970  20.430  24.780 -0.560  -3.340  19.510  -4.030 -20.740 -22.010
  ARLP  16.900  17.730  20.540  22.030  25.770 -1.400  -3.370 -20.820 -25.840 -44.720 -30.760
  BLUE  81.010  84.700  84.990 113.890 128.980  0.830  -4.330  -2.520 -51.350 -32.770 201.040
   DIS 114.000 117.090 110.950 109.860 109.190 -1.200  -4.540   0.800   3.140   8.760 130.050
  FEYE  22.140  22.970  27.460  34.610  39.700 -2.380  -4.650 -18.690 -50.310 -44.530 -38.500
   MRO  16.670  17.640  17.780  18.030  22.530 -5.450  -4.910  -8.640 -14.490 -39.440 -43.320
  VIPS  15.980  16.090  17.950  18.540  22.310 -1.600  -5.280 -18.180 -26.190 -43.970 867.310
  ABBV  57.720  60.010  57.340  61.250  61.880 -2.200  -5.610  14.660 -17.140   1.290  82.230
   CLD   2.640   2.790   3.010   3.160   4.570 -2.220  -5.710 -19.020   4.350 -56.930 -86.260
   BBL  24.370  25.780  30.870  32.460  37.520 -1.810  -7.230 -30.330 -31.840 -42.130 -61.030
  SOHU  48.980  51.900  48.290  47.310  53.650 -0.040  -8.240   8.000  -2.760 -10.140   2.060
   CAR  36.540  39.290  44.970  44.190  49.100 -3.100 -10.040 -26.610 -16.650 -34.210  75.930
  KITE  72.860  82.820  70.600  66.980  63.390 -4.190 -14.030   3.190  -4.760  31.070 151.240


====  scan_ms_zack_st_perf_  =====

symbol  rank      px    p1d    p1w     p4w    p12w    p24w    pmax
  FSLR 2.000  59.670  2.560  8.730  18.320  14.930  -2.610  86.530
  LNKD 2.000 245.510 -1.730 -2.220  16.690  27.410  -1.720 117.940
  NVDA 1.000  32.500 -0.760  5.110  14.110  59.190  50.560 170.170
  AMZN 2.000 676.010 -0.450 -0.440  12.850  25.880  80.550 162.720
  VNTV 1.000  52.590 -0.470  0.440  12.540  19.500  35.860 155.170
   AZN 1.000  34.320 -1.290  1.060   9.440   0.690  -0.070  63.820
   LLY 2.000  84.560 -2.240 -0.210   8.670   1.040  20.220  87.950
    HD 2.000 133.810 -0.460  1.440   7.860  14.480  18.810 124.250
   TSN 2.000  50.580 -0.140  5.500   6.940  22.830  30.500 159.990
   DOW 2.000  52.290 -2.120 -1.340   3.910  12.060   9.720  73.570
    FB 2.000 106.070 -0.980 -0.820   3.800   9.990  28.850 278.820
    FL 2.000  65.890  0.320  1.280   3.580  -8.730   8.260 120.650
   CRM 2.000  80.880 -0.160  0.120   2.950  11.510  18.590  89.010
  BIIB 2.000 284.960 -1.750 -3.160   2.880 -15.040 -31.840  89.970
     N 2.000  87.210  1.790  2.470   2.580 -10.860  -8.860  26.390
   TRV 2.000 114.710 -0.840 -0.800   2.160   8.810   8.200  67.860
  ESRX 2.000  86.670 -0.170  1.440   1.830  -4.500   3.030  55.830
   MCD 2.000 113.720 -0.640  0.120   1.800  15.850  21.040  39.450
   NKE 1.000 132.650 -0.500  0.140   1.620  13.910  33.870 164.710
    KR 2.000  38.110 -0.240  2.310   1.050  -1.930   0.640 201.660
    BA 2.000 146.960 -0.530 -0.930   0.800   2.010  -1.680 104.070
  INTC 2.000  34.830 -0.740  1.020   0.500  20.450  13.960  80.040
     T 2.000  33.560 -0.620  0.300  -0.530  -1.530   5.520  12.380
    GM 2.000  35.730 -1.460 -0.970  -0.610  14.460   2.280  30.950
   BWP 1.000  12.400 -1.740 -0.320  -0.680  -9.500 -22.260 -46.460
   TXN 1.000  57.550 -1.300  0.350  -1.790  13.890   3.060  93.200
  GILD 2.000 104.440 -1.330 -1.810  -3.290 -11.640   6.630 180.390
  CTXS 1.000  77.190 -0.820  1.790  -4.870   0.300  22.020  13.230
   MRO 2.000  16.670 -5.450 -4.910  -8.640 -14.490 -39.440 -43.320
  FEYE 2.000  22.140 -2.380 -4.650 -18.690 -50.310 -44.530 -38.500


====  scan_st_sma_st_dmi_  =====

symbol      px    ma10    ma50   ma100   ma200  ma10_sell  ma10_buy  ma50_sell  ma50_buy  ma50_200_sell  ma50_200_buy  dmi_sell  dmi_buy
   MRK  53.820  53.920  52.440  54.050  55.770     16.000     8.000    119.000    26.000         77.000       135.000   111.000    0.000
   BMY  67.780  67.720  64.200  63.450  64.170     18.000    10.000    123.000    36.000         50.000       290.000    13.000    9.000
    PG  75.790  75.850  74.590  74.150  76.960     93.000     8.000    222.000    40.000        165.000       404.000    12.000    0.000
   IBM 139.700 138.500 141.200 146.650 154.420    260.000     8.000    119.000    38.000         66.000       129.000    30.000    1.000
   GSK  40.920  40.810  40.360  40.760  42.330     51.000     8.000    155.000    32.000        108.000       173.000     5.000    7.000
  ORCL  38.700  39.100  38.130  38.220  40.480    231.000     7.000    123.000    27.000         90.000       238.000   119.000    7.000
  ALLY  19.840  19.840  20.200  20.990  21.380    140.000     1.000    102.000   151.000         49.000       113.000    81.000    1.000
  VIAV   6.300   6.310   5.980   5.910   6.630     12.000     6.000    414.000    41.000        128.000       271.000    21.000    7.000
  BABA  85.000  81.380  74.250  73.690  79.360     50.000     6.000    114.000    36.000            nan           nan    90.000    7.000
  BLUE  81.010  84.700  84.990 113.890 128.980    123.000     9.000        nan     3.000         40.000       366.000    50.000    4.000
   PLD  42.350  42.980  41.700  40.320  40.340    173.000     8.000    201.000    43.000        121.000        11.000    16.000    8.000
