===== Daily Report =====

[  short term dmi_buy,px>ma10,px>ma200,dmi_buy<20  ]

marketscan.py


====  scan_st_sma_st_dmi_  =====

symbol      px    ma50   ma200  ma10s  ma10b  dmi_buy
   JNJ  101.95  100.91   99.11      4      2        2
  MSFT   54.13   52.88   46.91      4      2        2
    PG   78.13   76.27   77.65     11      9        9
  AMZN  664.14  634.96  499.94      6      1        1
   BSX   18.19   17.94   17.57      4      2        3
   TSN   52.55   47.59   43.11     19     17       17
  SOHU   58.09   50.17   53.55     14      2        2
    YY   64.85   59.18   60.61     23     11       13
   KMB  123.54  119.92  111.96      6      3        3
  BABA   82.65   79.47   79.24      4      1        2
  ALXN  182.13  173.83  176.48     11      8        8
    KO   42.50   42.47   40.91      7      2        2


[  short term sell/close BY mixed MA  ]

marketscan.py


====  scan_st_sma_  =====

symbol      px  ma10s  ma10b  ma50s  ma50b  ma1050s  ma1050b
   MRK   51.64      0     39      0      9        0       35
   LMT  212.18      0     22      4      9        1       50
   RHT   81.40     11     20      4     50        0       47
   AAL   41.09      4     12      4     12        2        5
     C   51.21      0      9      0     39        3       39
  SBUX   58.62      4      9      4      9        3       62
   MMM  146.92      2      9      2     52        1       48
    MS   31.29      0     13      0     35        0       29
  ORCL   36.35      0     19      0      9        3       44
   PXD  121.28      1     10      1      3        0       53
   BLK  321.47      8     13      4     50        1       45
  AAPL  106.03      6      9      4      9        2       39
   PLD   41.69      0     20      0      9        3       50
  SIVB  118.82      0     17      4     35        2       33


[  green line  ]

marketscan.py


====  scan_st_greenline_  =====

symbol      px  money_wave  sctrrank
  BRCM   56.28       17.74     87.43
  AVGO  140.20       21.11     85.25
  VNTV   46.67       10.17     81.97
   LMT  212.18       23.77     77.60
    DD   63.40       10.04     64.48
    FL   64.28       18.95     63.39
   EMC   25.35       27.21     54.10
   DOW   49.63       21.25     53.55


[  greenline buy  ]

marketscan.py


====  scan_st_greenline_  =====

symbol      px  sctr_sell  sctr_buy
  SCTY   56.91         92         1
   JAH   57.42         44         8
  LITB    4.15         23         0
  SOHU   58.09         15         0
    YY   64.85         23         2
  SINA   49.75          5         2
   HUM  175.38         25         0
   MHK  188.02         24         9
    VZ   45.56         27         3
     D   66.90         28         1
   AIG   59.60         57         2
  TSLA  230.46          7         1
   COH   31.99        120         2
   USB   42.36          4         2
   JPM   64.40          4         2
   WFC   53.79          4         2
  FITB   19.74         37         3
   MTB  120.03         43         3
   DIS  107.72         60         3


[  golden cross  ]

marketscan.py


====  scan_st_sma_  =====

symbol      px  ma50200s  ma50200b
   JNJ  101.95       212         8
   STI   42.19        58         2
   BMY   67.64        65         7
   MMM  146.92       116         2
   EMC   25.35       199         3
    BA  139.58        77         5
    DD   63.40       125         6
  FSLR   63.41       116         8
  BIDU  191.92       190         0
   MDT   76.31        74         1
   NOK    6.84       211         9
  QUNR   51.46        63         6
   JPM   64.40        44         6


[  death cross  ]

marketscan.py


====  scan_st_sma_  =====

symbol     px  ma50200s
    FL  64.28         0


[  performance reference  ]

marketscan.py


====  scan_st_sma_st_perf_  =====

symbol      px    ma10    ma50   ma100   ma200  ma1050e    p1d    p1w     p4w   p12w   p24w    pmax  ma50bs  ma1050bs  ma10bs  ma50200bs
     A   40.10   40.77   38.63   37.67   39.41        0  -1.67  -2.79    5.58  11.00  -5.40   37.60      42        39      -0       -108
    AA    9.23    9.01    9.06    9.30   10.88        1   0.87   0.65   10.54   6.07 -29.43    6.05       1       -37       2       -208
   AAL   41.09   43.13   43.88   42.43   44.05        0  -3.23  -6.80   -7.64   3.59 -19.61  197.94      -4        -2      -4       -125
   AAP  149.57  152.22  175.46  176.75  165.88        0  -2.29  -1.44  -22.95 -15.73   2.04  107.50     -24       -21       2        NaN
  AAPL  106.03  113.08  115.87  114.50  120.77        0  -2.71  -8.73   -9.20   0.68 -17.16   43.91      -4        -2      -6        -79
  ABBV   55.74   56.04   57.68   59.95   62.46        0  -1.14  -0.07  -10.53 -14.64 -11.79   75.98     -10        -5       2        -54
   ABT   43.70   45.12   44.41   44.81   46.53        0  -3.45  -3.55   -4.50  -6.74  -8.86   44.68      39        34      -0        -57
   ACN  101.93  106.54  106.20  102.68   99.13        0  -1.29  -5.27   -2.99   6.07   9.79   58.39      -0        49      -0        264
   ADI   55.17   56.94   59.51   58.08   60.66        0  -1.69  -3.46   -7.40   4.08 -11.45   36.50     -10        -5     -10        -73
   AGN  306.58  307.40  297.88  299.05  300.86        0  -0.95   0.29   -0.04   2.68   2.76  264.07      35        31       1        -45
   AIG   59.60   60.72   61.29   60.57   59.92        0  -0.88  -2.26   -2.42   0.71   6.22   67.83      -5        -0      -8        178
  ALLY   18.40   19.04   19.88   20.60   21.27        0  -0.16  -6.50   -7.58 -13.98  -9.76  -29.14     -94      -112      -9        -61
  ALSN   25.29   25.58   27.50   27.92   29.36        0  -0.59  -2.17   -8.27 -10.84 -19.72   28.37     -11       -22     -11       -139
  ALXN  182.13  185.76  173.83  173.93  176.48        0  -1.97  -2.93    5.66   4.79  -1.33   82.04      38        35       8        -55
  AMZN  664.14  664.15  634.96  578.58  499.94        0  -0.97   0.27    0.68  34.31  70.30  158.11      54       222       1        210
  APEI   19.88   20.87   22.22   22.52   25.04        0  -4.70  -6.45  -13.90  -6.49 -35.68  -46.21     -10        -6     -10       -174
  ARLP   12.25   13.71   18.83   21.47   24.70        0  -0.49 -16.10  -36.92 -48.64 -59.76  -49.81     -61       -55     -28       -237
  AVGO  140.20  144.43  128.54  126.06  128.35        0  -0.20  -4.55   17.33  26.58  14.03  352.63      20        16      -3        -48
   AXP   67.87   69.65   72.85   74.72   76.94        0  -2.44  -3.19   -7.50 -11.56 -12.50   19.48     -39       -38      -0       -220
   AZN   32.80   33.39   32.68   32.69   33.16        0  -1.68  -2.00    3.40   3.70  -9.10   56.56      22        19      -0       -137
    BA  139.58  145.15  145.12  140.55  143.58        0  -4.11  -4.66   -3.84   6.63  -5.09   93.83       2        46      -0          5
  BABA   82.65   83.05   79.47   73.82   79.24        0  -1.09  -1.99    1.50  21.22   0.45  -11.97      48        44       1        NaN
   BAC   16.76   17.18   17.03   16.73   16.64        0  -3.12  -2.56   -5.84   4.73   7.79   42.47       2        37       2         12
   BBL   21.30   21.69   28.51   31.15   37.03        0   1.38  -5.21  -26.27 -33.03 -52.29  -65.94     -35       -30     -37       -301
  BBRY    8.61    7.82    7.57    7.41    8.34        0  10.38   9.13   11.96  20.42 -16.16  -26.54       5        41       2       -184
   BID   26.51   26.58   30.54   33.16   38.39        0   0.11  -1.63  -10.91 -25.69 -37.97  -14.08     -30      -113      -0        -81
  BIDU  191.92  198.89  187.39  169.42  186.19        0  -2.55  -4.04   -2.57  25.51  -9.59   84.33      44        40     -10          0
  BIIB  293.37  288.94  285.24  294.50  348.42        0  -1.28   1.20   -1.30  -0.77 -31.82   95.58       2        29       2        -89
   BLK  321.47  334.88  343.95  328.23  344.65        0  -2.65  -6.89   -7.67   5.99 -11.90   62.69      -4        -1      -8       -102
  BLUE   61.45   58.73   77.10  101.85  126.80        0  -0.89  -0.49  -18.32 -50.36 -56.13  128.35     -12        -8       0        -52
  BMRN  104.44   97.58  103.92  115.11  121.31        0   3.78   8.06   -7.00 -17.22 -15.05  101.16     -31       -86       2        -41
   BMY   67.64   68.98   66.25   63.78   65.10        0  -2.37  -1.89    3.98  11.46   3.71  123.06      48        45       3          7
  BRCM   56.28   57.20   53.56   52.34   50.47        0  -0.35  -2.87    9.67  16.86  24.92   69.80      22        39      -2        NaN
   BSX   18.19   18.50   17.94   17.39   17.57        0  -2.20  -1.36   -3.24  11.25  -1.25  208.83      36        45       2         12
   BWP   10.76   11.27   12.38   12.85   14.32        0  -0.09 -10.48  -17.42 -17.81 -34.19  -53.54     -14       -21     -11       -258
     C   51.21   52.59   53.45   53.34   53.96        0  -3.08  -2.74   -8.23  -4.37  -3.52   24.72      -0        -3      -0        -49
   CAR   34.94   34.57   42.47   43.32   47.50        0   0.14  -1.72  -16.25 -17.36 -38.57   68.22     -30       -25       1       -180
   CAT   65.11   66.32   70.29   71.94   78.01        0   0.32  -1.91  -10.11 -12.22 -21.64  -24.31     -10        -7      -0       -280
   CBI   38.44   38.93   41.90   43.39   46.87        0   0.31  -1.89  -12.68 -10.12 -24.42  -17.52     -11       -10      -0        -58
  CELG  110.14  111.43  115.29  118.44  118.22        0  -1.81  -2.03   -3.19  -7.48  -5.13  171.62      -0       -23       3        -40
  CIEN   19.80   21.04   23.42   22.99   22.89        0   0.30  -1.20  -16.60  -8.67  -8.71   20.15      -5        -3      -8        215
    CL   65.57   66.38   66.65   65.61   66.74        0  -2.61  -0.85   -1.22   1.48  -4.20   31.79       2        -9       2       -127
   CLD    2.09    2.26    2.90    3.01    4.23        0  -2.34 -10.68  -38.53 -37.24 -65.11  -89.13     -19       -14     -25       -355
   CMG  541.08  555.92  616.69  673.22  659.45        0  -2.49  -5.97  -13.96 -24.85 -14.87   79.72     -45       -40      -0        -14
   COH   31.99   31.57   30.97   30.57   34.09        0  -1.99   2.80    3.08   6.50 -22.07  -36.00       3        15       3       -122
   COP   45.93   48.58   52.97   50.85   56.96        0  -2.86  -6.68  -15.96   2.56 -30.10  -11.77     -11        -9      -1       -272
  COST  157.70  162.19  158.72  151.01  147.87        0  -1.85  -2.57    0.82  13.75   7.93   65.89      60        58      -6         38
   CRM   77.03   78.64   78.50   74.71   72.62        0  -1.79  -2.96   -1.56  11.40  12.50   80.01      -0        60      -6        309
  CRUS   30.55   32.83   31.15   30.45   32.43        0  -0.81 -12.09    3.81  11.25 -11.09    2.38      -2        11      -4        -64
  CSCO   26.27   26.79   27.74   27.21   27.80        0  -1.68  -1.87   -6.11   0.04  -6.95   40.45     -11       -17      -0        -81
  CTRP   48.59   49.97   46.79   40.47   37.02        0   0.37  -3.76   -1.07  53.60  48.10  319.60      46        44      -8        160
  CTXS   74.71   76.89   77.88   75.09   70.83        0  -3.80  -2.77   -7.87   1.08  10.94    9.59      -0       -14       2        141
   CVS   94.86   94.88   97.63  100.44  102.05        1   0.16   0.13   -3.05  -6.88  -5.35   99.55     -33       -27      -0        -46
   CVX   89.81   89.29   90.70   85.57   94.12        1  -0.81   0.57   -2.49  19.99 -15.46   -9.02      -0        -6       3       -285
  CYOU   23.63   20.98   20.62   20.16   24.40        0   4.84  18.03   12.36  18.09 -17.89  -14.04       2        33       2        -89
     D   66.90   66.19   69.17   69.95   70.03        0  -0.95   2.61   -0.39  -9.60  -6.03   41.05     -32       -26       2       -159
    DB   23.33   23.89   26.86   28.45   30.53        0  -1.23  -3.95  -12.82 -21.47 -29.92  -42.21     -34       -28     -11        -72
    DD   63.40   68.25   64.39   57.78   61.60        0  -2.81 -14.96   -4.43  22.62  -3.84   58.47      51        48      -3          6
   DIS  107.72  111.16  113.22  108.97  109.87        0  -3.83  -2.74   -7.67   9.68   0.04  118.77      -0        -3       2         18
   DOW   49.63   52.06   51.05   47.57   48.92        0  -1.23  -9.62   -4.02  17.61  -0.93   64.74      -2        49      -3         12
   EMC   25.35   25.87   26.04   25.56   25.98        0  -0.86  -2.69    0.40   1.65  -3.78    6.39      -4       -20      -0          3
  ERIC    9.13    9.17    9.69    9.82   10.70        0  -0.33   0.00   -2.46  -7.12 -21.16   -2.38     -26       -31      -0       -152
  ESRX   85.63   86.07   85.78   85.39   86.38        0  -1.18  -0.42   -3.28   0.97  -1.45   53.96       3        41       2        -53
     F   13.80   13.92   14.55   14.35   14.90        0  -1.29  -1.15   -3.36   0.58  -9.80   15.29     -11       -23       1       -118
    FB  104.04  105.05  103.52   97.67   90.64        0  -2.05  -1.31   -3.59  20.89  26.25  271.57       3        47       1        NaN
  FEYE   21.55   21.31   24.84   31.47   38.32        0   1.89  -3.62   -7.27 -41.09 -50.94  -40.14    -102      -103      -4        -59
  FITB   19.74   20.16   19.83   19.84   20.04        0  -2.71  -1.64   -4.31   0.32   1.50   34.18      32        30      -0        -48
    FL   64.28   65.61   66.11   69.01   66.33        0   0.42  -4.16   -2.09  -6.53   6.62  115.26      -4       -49      -2         -0
  FOXA   27.11   27.90   29.39   28.85   31.27        0  -1.38  -3.97   -9.87  -2.43 -20.63   18.10      -8        -6     -17       -195
  FSLR   63.41   59.86   55.48   51.36   52.83        0  -1.66  16.67   13.50  40.07  -2.07   98.22      51        46       3          8
    GE   30.28   30.43   29.78   27.57   27.10        0  -0.88  -0.47    1.28  25.17  15.61   56.90      53        51       1         35
    GG   11.59   11.67   12.81   13.17   15.41        0   5.84  -2.26   -0.43 -24.69 -39.63  -66.78     -34       -28      -5       -295
  GILD  101.60  102.08  104.89  106.35  107.69        0  -0.74  -0.57   -6.26  -2.74  -2.28  173.94     -11        -5       1        -46
   GIS   56.94   58.34   57.54   57.39   56.59        0  -0.51  -3.13    0.49   2.11   2.74   51.26      -0        15      -0        243
    GM   33.67   34.91   35.11   32.79   34.01        0  -1.29  -4.51   -4.48  16.36  -3.12   24.70      -0        50     -13         10
  GOOG  739.31  750.36  721.05  674.68  612.12        0  -1.35  -1.35    1.51  20.71  35.16   32.38      52        47      -0        106
 GOOGL  756.85  764.70  743.68  701.10  632.73        0  -1.69  -0.42   -0.19  17.52  35.77  109.08      52        46       1        124
  GPRO   19.50   18.14   23.24   33.56   42.10        0   8.64   3.56  -22.06 -59.70 -57.68  -37.78     -85       -82      -3        -61
    GS  175.49  181.05  187.36  188.10  195.24        0  -3.90  -3.64  -10.98  -5.88 -11.07   38.63      -8        -5       1        -59
   GSK   39.43   39.63   40.93   41.03   42.95        0  -1.00  -1.23   -3.74  -3.01 -11.36    4.36     -10       -10       1       -113
   HCA   64.47   66.16   69.06   77.30   79.48        0  -0.42  -5.79   -8.01 -25.25 -16.75  105.97     -84       -82      -4        -34
    HD  130.29  132.05  127.36  122.12  117.46        0  -0.81  -1.70    4.48  13.23  16.03  118.35      22        50      -0        NaN
   HUM  175.38  173.42  174.42  179.12  181.57        1  -0.85   1.95   -0.60  -3.34  -3.29  162.97       3       -55       7        -20
   IBB  331.49  328.12  325.71  335.33  348.73        0  -0.19   0.63   -0.14  -2.46  -9.83  134.61       2        29       2        -50
   IBM  134.90  137.02  140.02  144.73  155.41        0  -1.35  -1.37   -0.42  -8.52 -18.74  -25.92     -42       -38      -0        -82
  ILMN  181.94  180.52  163.77  179.31  191.50        0   0.38  -0.39   18.68  -9.01  -5.53  228.29      22        18       2        -52
  INTC   33.87   34.73   33.93   31.49   31.51        0  -2.98  -2.59    1.99  28.42   7.08   75.08      56        68       2         25
    IR   52.62   54.51   56.83   56.54   62.23        0  -1.50  -4.14  -10.15  -7.96 -22.66   39.94      -7        -3     -11        -86
   JAH   57.42   54.39   49.01   50.59   51.81        0   0.51   7.51   17.54  11.95   7.93  143.76       9         6      17        -46
  JAZZ  139.96  139.26  138.68  151.13  165.42        0   0.77  -0.28    2.81 -17.83 -25.98  156.43       2        19     -11        -59
   JNJ  101.95  102.93  100.91   98.13   99.11        0  -1.63  -0.67    1.23   7.47   3.76   56.91      44        44       2          8
   JPM   64.40   65.67   65.32   64.63   64.88        0  -2.84  -1.84   -4.85   1.99   3.96   55.29       2        36       2          6
  JUNO   44.63   46.36   50.92   45.99   49.49        0  -0.62  -4.25  -13.89  18.13 -22.68  -17.67      -8        -3     -10        NaN
   KEY   12.67   12.98   13.09   13.42   14.07        0  -2.54  -2.61   -3.61  -7.09 -10.20   53.04      -0        -5      -0        -60
  KITE   63.03   67.18   72.65   66.56   63.59        0  -1.32  -8.92  -23.76  25.36   3.45  117.34      -6        -4     -13         30
  KLAC   66.86   68.07   64.60   57.53   57.74        0  -1.75  -2.38    0.93  41.27  14.67   83.66      52        49      -0         20
   KMB  123.54  122.59  119.92  115.00  111.96        0  -1.83   2.67    4.65  12.65  13.28   64.11      52        48       3         39
    KO   42.50   42.92   42.47   41.21   40.91        0  -2.28  -0.61    2.53   9.28   6.36   23.75       3        50       2         23
    KR   40.64   41.55   38.38   37.52   37.15        0  -3.10  -1.19    9.04  16.68  15.54  221.68      14        13      21         31
  LITB    4.15    3.69    3.21    3.17    3.96        0   9.21  14.64   20.64  40.20 -16.83  -64.25      35        31       3       -211
   LLY   84.77   85.23   82.27   82.94   80.30        0  -1.68  -0.16    5.88   0.92  19.36   88.42      12        15       2        NaN
   LMT  212.18  216.79  217.62  212.07  203.56        0  -1.41  -3.06   -0.15   5.20  10.05  152.60      -4        -1      -0        104
  LNKD  225.80  231.98  230.67  210.40  219.37        0  -2.31  -2.71  -11.64  25.79 -11.88  100.44      52        52      -0         10
   LPG   11.29   12.01   12.14   12.34   13.27        0  -1.57  -8.43  -11.31  -7.23 -17.83  -39.43      -4        29     -10        -56
  LPLA   41.43   43.66   43.05   42.13   43.19        0  -3.61  -6.08   -6.29   1.77   2.77   52.41      -0        35      -7        -68
   LVS   41.53   42.21   46.03   46.92   50.25        0   0.87  -1.44  -10.11 -10.88 -21.45   -5.26     -27       -18      -0       -362
    MA   96.29   97.67   98.36   95.89   93.89        0  -3.06  -1.35   -4.33   6.37   6.31   91.85       2        -5       2        280
   MAN   82.55   85.07   88.38   87.91   87.44        0  -1.90  -2.96   -8.91  -6.15   0.51   98.61      -6        -4      -0        193
   MAR   65.11   67.35   72.97   71.95   75.43        0  -1.39  -4.57  -14.62  -5.77 -19.16   74.64     -21       -16     -11       -103
   MCD  116.66  116.80  112.01  104.98  100.93        0  -0.71  -0.46    3.85  22.12  23.34   43.06      55        54       9        184
   MDT   76.31   77.42   75.51   74.03   75.21        0  -2.04  -1.46   -0.12   3.31  -1.76   92.30      48        43       1          1
   MGM   21.17   21.61   22.23   21.44   20.76        0  -1.31  -4.03   -9.65   2.82  -4.12   72.53      -5        -2      -0         57
   MHK  188.02  192.12  192.13  195.44  190.83        1  -2.75  -1.41   -0.10  -6.07   5.31  101.80       2       -10       5        267
   MJN   77.00   78.20   79.43   78.92   87.29        0  -0.76  -2.01   -5.98  -0.88 -18.90   17.99      -6        -2     -18       -143
   MMM  146.92  153.44  155.20  149.61  154.75        0  -1.30  -6.73   -6.16   4.08  -6.14   66.62      -2        -1      -2          2
  MNST  145.84  151.96  145.48  142.56  139.28        0  -2.96  -3.95   -3.98   4.99   3.90  168.93      28        36      -6        513
   MON   94.84   95.78   93.95   94.25  104.08        0  -0.94  -1.30    2.13  -2.10 -18.39    3.34      35        35      -0       -126
   MOS   28.54   29.80   32.42   35.58   40.57        0  -1.04  -5.09   -9.35 -27.43 -35.02  -47.02     -30      -107      -7       -153
   MRK   51.64   52.92   53.14   53.63   56.01        0  -1.94  -2.99   -4.31  -5.80  -7.96   38.00      -0        -0      -0       -102
   MRO   12.47   14.07   17.28   17.14   22.04        0  -2.43 -15.40  -33.41 -20.49 -58.25  -57.60     -14       -16     -14       -277
    MS   31.29   32.96   33.51   34.11   36.04        0  -3.37  -6.37  -11.21  -8.11 -15.23   65.06      -0        -0      -0        -65
  MSFT   54.13   55.22   52.88   48.86   46.91        0  -2.82  -2.06    1.84  26.53  27.39  113.09      53        50       2         48
   MTB  120.03  122.95  122.25  122.48  123.58        0  -3.78  -2.14   -2.81  -0.71   1.61   27.64       2        34       2        -50
     N   81.99   81.79   85.57   88.22   91.21        0  -0.81   0.48   -3.47 -11.27 -14.69   18.83     -10       -38       1       -164
  NFLX  118.02  122.08  114.45  111.82   97.81        0  -3.67  -3.98    4.72  13.52  47.77  797.88      22        30      -6        196
   NKE  128.52  129.32  129.76  122.34  113.01        0  -1.31  -0.09   -0.90  20.86  28.09  157.09       1        62       1        362
   NOC  184.86  187.39  183.92  176.34  168.79        0  -1.83  -1.39    2.29  12.83  15.15  190.19      50        47       3        NaN
   NOK    6.84    7.05    7.16    6.87    7.06        0  -1.58  -2.56   -5.26  11.40 -10.70   81.72      -6        -1      -7          9
  NTES  181.81  179.14  155.10  138.88  134.35        0  -0.30   2.62   24.01  60.39  54.40  358.35      52        48       3         28
  NVDA   32.14   32.84   30.22   26.51   23.97        0  -1.62  -2.55    4.71  50.27  46.48  167.17      79        91      -0         66
   NVS   84.77   85.05   88.52   92.91   97.38        0  -0.62  -0.39   -4.05 -13.11 -19.65   46.53     -83       -82       2        -60
  ORCL   36.35   37.96   38.52   38.11   40.37        0  -1.57  -4.82   -8.94  -2.81 -15.58    8.35      -0        -3      -0       -103
  PANW  182.89  187.69  172.11  172.95  167.48        0  -1.97  -3.74   16.28  15.03  18.16  257.00      18        14      -4        NaN
   PCL   46.35   48.22   45.51   42.70   42.29        0  -3.58  -4.69    0.30  14.75  13.40   14.98      27        50     -11         18
   PEP   97.90   99.32  100.09   97.49   96.55        0  -2.30  -1.01   -0.25   3.22   4.55   53.72       1        -4       2         28
   PFE   31.99   32.32   33.28   33.34   33.86        0  -1.05  -1.14   -5.33  -3.85  -7.33   36.49     -11       -18      -0        -56
    PG   78.13   78.68   76.27   74.30   77.65        0  -2.69   0.44    3.11   9.73  -1.82   23.69      51        50       9       -181
   PLD   41.69   41.95   42.32   40.77   40.78        0  -0.74   0.24    2.31   4.63   0.87   23.32      -0        -3      -0         18
   PRU   79.55   82.88   83.45   82.43   83.64        0  -2.81  -5.06   -7.10  -0.72  -0.02   53.65      -0        38      -0        -59
   PSX   80.56   83.73   87.45   83.25   81.33        0  -1.49  -7.14  -12.53   7.02   1.15   56.62      -8        -3     -11        173
   PXD  121.28  137.82  140.19  131.68  142.35        0  -7.07 -16.58  -17.42   1.99 -30.74   10.68      -1        -0      -1       -297
  QCOM   47.43   48.44   53.64   55.56   61.50        0  -0.23  -2.35   -8.36 -16.16 -28.83  -21.33     -29       -24      -7       -310
  QIHU   73.00   71.53   62.70   57.91   58.43        0   1.66   2.40   21.67  30.52  16.69  145.05      44        45      38         12
  QUNR   51.46   50.22   42.78   38.58   41.07        0   2.76   3.71   29.04  62.08   6.85   81.20      17        45      17          6
 RDS-A   43.71   45.02   50.68   51.56   55.67        0   0.46  -5.37  -13.51 -15.11 -27.07  -25.41     -29       -23     -11       -284
   RHT   81.40   79.34   79.58   76.69   76.31        0   3.22   2.22    0.74  12.54   5.92   49.08      -4        -0     -11         30
   RTN  125.35  126.78  120.55  113.68  109.14        0  -1.66  -1.61    6.19  20.14  17.00  130.31      56        52       8         57
   SAP   78.12   78.28   77.64   72.59   72.85        0  -0.37  -0.32   -0.23  15.37   6.05   -0.46      49        45       1         20
  SBAC  100.42  103.73  108.90  112.25  114.94        0  -0.58  -4.04   -5.01 -16.62 -19.26   38.34     -29       -23      -6        -56
  SBUX   58.62   60.53   61.28   58.89   54.98        0  -1.51  -5.25   -5.73  11.30  19.68  122.07      -4        -3      -4        357
  SCTY   56.91   42.95   35.85   42.11   49.02        0  -0.61  55.28  115.08  38.84  -5.18  361.56       6         3      20        -83
  SINA   49.75   48.90   48.36   43.71   43.47        0   1.10   4.14    2.45  37.28  33.20   -4.82       2        52       0         31
  SIVB  118.82  122.71  125.44  126.59  130.94        0  -3.03  -5.32  -12.73  -6.49  -9.11  104.02      -4        -2      -0        -51
   SNY   42.64   42.57   46.17   48.23   49.43        0  -0.70   1.89   -5.14 -13.88 -14.87   -1.40     -28       -26       2        -43
  SOHU   58.09   51.04   50.17   47.85   53.55        0   3.36  18.89   12.12  26.78 -11.38   21.05       2         0       2        -88
   STI   42.19   42.87   42.31   41.45   42.08        0  -2.43  -1.52   -3.03   4.80   4.93   51.75       2        39       2          2
  SWKS   76.38   81.42   80.04   83.48   91.85        0  -1.83 -10.02   -4.64  -3.07 -19.68  258.52      -3        11      -4        -61
     T   33.60   33.80   33.48   33.37   33.75        0  -1.26  -0.21    2.47   2.10   0.89   12.51       3        17       2        -60
  TRMB   21.54   21.97   21.07   19.79   22.08        0  -1.78  -3.97   -4.61  14.70 -16.25  -29.97      42        38      -0       -346
   TRV  110.13  111.99  111.96  106.98  105.18        0  -2.77  -0.77   -2.92   8.25   8.34   62.03       2        45       2         27
  TSLA  230.46  226.45  221.29  234.78  235.21        0  -1.26   1.49    6.45  -0.13   5.43  551.75       1        11       1        -22
   TSN   52.55   52.93   47.59   45.14   43.11        0  -0.62  -1.61   16.51  26.79  38.31  170.12      17        17      17        144
  TWTR   22.99   24.40   27.19   27.38   34.21        0  -1.37 -11.27  -15.01 -11.13 -55.28  -48.80     -28       -24      -4       -139
   TXN   54.94   56.92   56.45   52.48   53.52        0  -2.81  -3.50   -3.66  20.32   2.38   84.44      53        50      -0         14
   UNH  115.82  116.64  116.60  117.61  118.20        0  -2.85  -0.34    0.37   0.47  -0.80  122.87       2         0       2        -18
   USB   42.36   43.27   42.85   42.72   43.34        0  -3.35  -1.90   -2.31  -0.37   0.11   36.98       2        35       2        -69
   UTX   92.34   93.91   96.71   95.11  105.06        0  -1.63  -1.63   -6.42  -0.08 -19.79   17.57     -11        -7      -0       -103
     V   76.32   78.11   78.01   74.88   71.49        0  -3.01  -2.30   -3.98   7.40  13.28  100.91       2        47       2        282
  VIAV    6.05    5.97    6.10    5.87    6.53        0   2.02   3.42   -5.17  13.08 -20.27  -24.19      -6        -2     -11       -140
  VIPS   16.38   16.40   17.68   17.94   21.77        0   0.74   1.30  -16.09  -8.13 -45.16  891.53     -23       -20      -0       -104
   VMW   56.86   58.46   60.90   71.56   78.72        0  -0.39  -3.22   -5.92 -32.61 -36.18  -40.10     -83       -80      -7        -69
  VNTV   46.67   50.34   49.98   47.40   43.37        0  -3.85 -10.06   -9.24   8.69  19.15  126.44      -1       103     -10        260
  VOYA   36.04   37.68   39.98   41.15   43.19        0  -1.83  -6.85  -13.37 -14.58 -16.11   73.39      -8        -6     -17        -57
   VRX  108.52  101.28  106.24  165.00  193.19        0  -2.57  11.66   29.68 -51.16 -48.17   78.63       1       -80       2        -40
    VZ   45.56   45.64   45.42   45.48   47.00        0  -1.17   0.53    1.02   0.11  -6.70   17.76       3        37       3       -113
    WB   19.32   18.79   17.24   14.84   15.36        0  -2.52   4.72    9.77  58.88  21.59   -4.55      53        48       1         16
   WFC   53.79   54.48   54.51   54.12   55.02        0  -3.03  -1.01   -3.79   0.35   0.04   66.74       2        38       2        -58
   WMT   58.85   59.63   59.42   63.13   69.94        0  -0.22  -1.19    1.13 -10.82 -24.07   -8.25      -0         0      -0       -154
  WYNN   63.40   65.14   66.64   72.25   92.86        1  -1.35  -4.60   -5.72 -21.94 -49.69  -40.36      -0       -20      -0       -318
   XOM   77.28   76.69   80.48   77.77   81.37        0  -0.87   2.10   -6.16   8.07  -9.37   -4.81     -11        -8       2       -289
  YHOO   32.95   33.70   33.60   33.14   37.70        0  -0.84  -4.85   -3.06   0.06 -24.60   64.09      -0        43      -4       -155
   YUM   71.84   73.21   71.96   76.70   81.68        0  -0.50  -1.84    4.48  -9.27 -13.60   13.86       2        10      -6        -52
    YY   64.85   62.78   59.18   57.98   60.61        0   1.47   3.53   11.54   9.51   3.07  353.18      44        44      11        -94


====  scan_st_sma_  =====

symbol    px exg   ma10   ma50  ma100  ma200  ma10s  ma10b  ma50s  ma50b  ma1050s  ma1050b  ma1050e  ma50200s  ma50200b
   RHT  81.4      79.34  79.58  76.69  76.31     11     20      4     50        0       47        0        42        30
