===== Daily Report =====

====  zack rank<=2 and performance in 4 weeks  =====

marketscan.py -g "ms_zack&@rank<=2&@rank>0,st_perf&sort4" -i 1,2,3 --loadmd


====  scan_ms_zack_st_perf_  =====

   symbol  rank      px    p1d    p1w     p4w    p12w    p24w    pmax
21   BIDU 2.000 207.800  1.500  4.170  41.840   0.750   0.030 -10.160
16   LNKD 2.000 250.210  0.580 -0.790  29.300  11.170  -2.280  14.910
4    LITB 2.000   3.330  6.390 10.260  19.780  -8.260 -32.040 -48.690
10   AMZN 2.000 664.800 -1.260  0.530  19.620  24.250  78.590 110.050
28   NVDA 1.000  31.120  0.290  2.390  18.330  61.530  49.790  49.650
2    VNTV 1.000  52.710  0.230  1.290  14.960  20.760  38.710  54.030
13    DOW 2.000  53.320  0.300  3.130  14.640  17.150  16.960  11.840
22    TXN 1.000  57.950 -0.020  0.610  14.570  19.780   6.030   6.900
6     MCD 2.000 114.160 -0.060  1.550  12.210  16.750  22.170  23.660
26    TRV 2.000 115.020  0.300  0.560  11.330   9.950   8.220  11.870
24     GM 2.000  36.140 -0.880  1.660   9.090  17.790  -1.110  11.770
18   INTC 2.000  34.300  3.440  4.380   7.810  24.120  17.370  -5.610
8      FB 2.000 104.240 -1.150 -1.900   7.340  10.730  27.810  39.210
14     BA 2.000 149.240  0.650  2.930   7.040   4.900   2.600  15.960
3    CTXS 1.000  76.670 -0.230  5.580   6.600   1.050  23.300  17.290
15    LLY 2.000  83.720  0.080  3.740   5.820   0.040  14.770  20.840
19   FSLR 2.000  53.280 -1.220 -2.680   5.340  23.990 -11.330  13.070
7     CRM 2.000  79.690 -0.350 -1.180   5.090  10.010  19.510  35.340
25     HD 2.000 126.860  0.250  1.720   4.320  12.250  12.760  30.690
5    GILD 2.000 105.960 -1.890 -0.520   4.160 -11.060   8.470   5.830
1    BIIB 2.000 286.860 -2.170 -0.890   3.810 -11.570 -30.450 -17.410
9     BWP 1.000  12.680 -0.080  1.040   1.640  -7.330 -19.160 -22.270
30      T 2.000  33.620  0.240  2.130   1.200  -0.550   7.460   4.560
27    NKE 2.000 125.780  0.000 -1.290  -0.020  11.600  27.730  29.110
29     KR 2.000  37.320 -0.590  0.780  -0.040  -2.160  -0.870  28.630
11   ESRX 2.000  83.560 -1.490 -1.580  -0.450  -9.460   0.130  -0.880
12      N 2.000  86.450  1.800  0.960  -2.150 -13.320  -5.410 -16.460
0     MRO 2.000  17.510  0.400 -0.740  -2.550 -13.580 -33.830 -40.900
17   ALLY 2.000  19.360 -1.170 -2.220  -6.160 -11.400  -7.280 -14.710
23     FL 2.000  61.530  0.670 -1.050 -11.770 -11.060   0.190   8.630
20   FEYE 2.000  22.920  1.010  4.470 -25.540 -50.960 -41.550 -24.980


====  dmi  =====

marketscan.py -g "st_sma&ma10_buy<20,st_dmi&dmi_buy<20" -i 1,2,3 --loadmd


====  scan_st_sma_st_dmi_  =====

     symbol      px    ma10    ma50   ma100  ma200  ma10_sell  ma10_buy  ma50_sell  ma50_buy  ma50_200_sell  ma50_200_buy  dmi_sell  dmi_buy
131     MRK  53.010  53.820  52.300  54.120 55.810     14.000     6.000    117.000    24.000            nan           nan   109.000    5.000
934     BMY  67.010  67.190  63.960  63.470 64.080     16.000     8.000    121.000    34.000         48.000           nan    11.000    7.000
1450     PG  74.840  75.720  74.350  74.240 77.040     91.000     6.000        nan    38.000            nan           nan    10.000   12.000
2557   NFLX 120.220 113.130 106.130 107.720 92.100        nan    17.000     31.000       nan            nan           nan    26.000    1.000
3149   ORCL  39.230  39.040  38.080  38.240 40.510    230.000     6.000    122.000    26.000            nan           nan   118.000    6.000
3562   ALSN  27.700  27.440  27.730  28.240 29.580     24.000     0.000    128.000    19.000            nan           nan     9.000   18.000
6120    PLD  42.290  41.520  40.830  39.900 40.340    165.000     0.000        nan    35.000            nan         3.000     8.000    0.000


====  green line  =====

marketscan.py -g "st_greenline&@sctrrank>75" -i 1,2,3 --loadmd


====  scan_st_greenline_  =====

     symbol      px   sctr  money_wave  sctrrank
5305   CTRP 109.850 45.419      51.302    99.425
3578   KITE  84.100 37.655      78.530    98.851
1700   AMZN 664.800 33.561      84.145    98.276
5940   NVDA  31.120 31.357      67.827    97.701
2557   NFLX 120.220 27.475      78.510    97.126
1986    PCL  50.010 24.247      94.282    96.552
5714   GOOG 738.410 24.065      69.039    95.977
4416  GOOGL 759.940 23.789      54.392    95.402
217    VNTV  52.710 22.249      86.598    94.828
2546   SINA  51.710 20.908      49.104    94.253
3195   LNKD 250.210 20.589      68.475    93.678
3064   NTES 159.220 19.181      57.091    93.103
3665    RTN 126.000 18.630      81.596    92.529
5390   QIHU  64.290 18.297      83.250    91.954
3767     WB  18.020 18.283      64.935    91.379
3891   BIDU 207.800 16.933      87.202    90.805
1533     FB 104.240 16.693      52.324    90.230
1114   MSFT  54.350 16.528      60.529    89.655
2573   KLAC  66.900 16.401      64.654    89.080
1390    MCD 114.160 16.056      87.508    88.506
1497    PSX  91.530 14.661      77.039    87.931
3212      V  80.150 13.846      80.700    87.356
5019   JUNO  53.620 13.391      61.206    86.782
5796    NKE 125.780 13.360      25.044    86.207
4660     GE  30.270 13.034      73.432    85.632
43      NOC 186.360 12.833      79.769    85.057
1484   SBUX  61.390 12.750      70.400    84.483
2286   MNST 149.360 12.387      71.594    83.908
5341    TRV 115.020 12.277      53.102    83.333
478    COST 161.420 11.781      83.541    82.759
4746    SAP  80.160 11.639      37.463    82.184
4956     HD 126.860 11.506      71.297    81.609
2696    DOW  53.320 11.455      73.075    81.034
3415     DD  66.990 11.361      91.417    80.460
433     LMT 219.160 11.139      83.957    79.885
4568    KMB 121.660 11.033      53.157    79.310
3072    LLY  83.720 10.676      65.621    78.736
1137    ACN 107.220 10.416      79.688    78.161
1440    CRM  79.690 10.087      70.635    77.586
94        A  41.820  9.935      96.908    77.011
949     MGM  22.740  9.355      41.288    76.437
229    CTXS  76.670  9.096      49.992    75.862
3290   LPLA  44.540  8.937      67.286    75.287


====  golden cross  =====

marketscan.py -g "st_sma&@ma50_200_buy<10" -i 1,2,3 --loadmd


====  scan_st_sma_  =====

     symbol      px    ma10    ma50   ma100   ma200  ma10_sell  ma10_buy  ma50_sell  ma50_buy  ma50_200_sell  ma50_200_buy
499     BAC  17.430  17.530  16.560  16.770  16.510     10.000   237.000    101.000    25.000         35.000         0.000
696     DIS 113.470 117.360 110.480 109.910 109.080    143.000    41.000        nan    34.000         37.000         5.000
1986    PCL  50.010  46.810  41.330  40.510  40.890    161.000    80.000    127.000    76.000            nan         0.000
2573   KLAC  66.900  66.390  57.430  54.250  56.410     43.000    58.000        nan    47.000            nan         2.000
3064   NTES 159.220 150.400 133.180 132.640 127.270    122.000    75.000     96.000   161.000         26.000         9.000
3485   INTC  34.300  33.000  31.840  30.180  30.990     14.000    58.000    117.000   144.000            nan         8.000
4746    SAP  80.160  78.810  72.330  71.240  71.500      7.000    92.000    103.000    29.000            nan         3.000
6120    PLD  42.290  41.520  40.830  39.900  40.340    165.000     0.000        nan    35.000            nan         3.000


====  death cross  =====

marketscan.py -g "st_sma&@ma50_200_sell<10" -i 1,2,3 --loadmd


====  scan_st_sma_  =====

     symbol      px    ma10    ma50   ma100   ma200  ma10_sell  ma10_buy  ma50_sell  ma50_buy  ma50_200_sell  ma50_200_buy
1337    UNH 112.710 113.590 117.020 118.130 117.360     91.000    22.000     17.000    22.000          0.000           nan
2389    HUM 164.250 171.270 179.250 181.900 179.770    182.000    15.000     95.000    50.000          0.000           nan
5589   TSLA 221.800 218.460 230.910 242.660 233.130     83.000     0.000        nan    46.000          2.000           nan
