===== Daily Report =====

[  zack rank<=2 and performance in 4 weeks  ]

marketscan.py -g "ms_zack&@rank<=2&@rank>0,st_perf&sort4" -i 1,2,3 --loadmd -s 2013-01-01


====  scan_ms_zack_st_perf_  =====

symbol  rank      px    p1d    p1w     p4w    p12w    p24w    pmax
  LNKD 2.000 249.820  2.760 -1.210  24.620  28.270   0.200 121.770
  AMZN 2.000 679.060  2.150  1.590  20.420  27.670  80.100 163.910
  FSLR 2.000  58.180  2.960  6.870  16.620  30.740  -5.410  81.870
  NVDA 1.000  32.750  3.250  4.330  15.750  62.070  53.050 172.240
   LLY 2.000  86.500  5.440  2.400  13.080   4.190  23.650  92.270
  VNTV 1.000  52.840  0.250  1.630  12.810  20.090  36.930 156.380
   AZN 1.000  34.770  2.110  2.020  11.910   2.610   1.490  65.970
    HD 2.000 134.430  0.860  3.700   8.580  15.470  18.690 125.280
   TSN 2.000  50.650  1.300 16.390   7.680  22.470  31.180 160.350
    FB 2.000 107.120  2.760 -0.190   7.470  13.880  29.940 282.570
   DOW 2.000  53.420  2.470  0.190   7.010  15.560  11.720  77.320
  ESRX 2.000  86.820  1.570  2.580   4.990  -2.790   2.290  56.090
  BIIB 2.000 290.040  1.110 -0.040   4.770 -12.210 -29.840  93.360
   CRM 2.000  81.010  1.660  0.020   4.700  12.690  19.240  89.310
   MCD 2.000 114.450  0.250  1.260   4.040  17.370  21.910  40.350
   TRV 2.000 115.680  0.970 -0.130   2.990   9.170   8.320  69.280
  INTC 2.000  35.090  0.920  1.240   2.720  22.320  15.620  81.380
   BWP 1.000  12.620 -0.470  2.100   2.710  -9.520 -19.790 -45.510
    GM 2.000  36.260  0.170 -0.220   2.370  16.450   1.160  32.900
    BA 2.000 147.740  1.570 -1.110   1.600   4.220  -0.240 105.160
   TXN 1.000  58.310  0.330  0.330   1.040  17.760   4.660  95.750
   NKE 1.000 133.310  0.780  0.500   0.680  15.440  34.380 166.030
    KR 2.000  38.200  1.430  2.390   0.050  -0.370   0.080 202.370
     T 2.000  33.770  0.300  0.330  -0.560  -0.940   5.640  13.080
  GILD 2.000 105.850 -0.100 -0.650  -1.630 -10.600   9.060 184.180
  CTXS 1.000  77.830  1.510  3.700  -3.410   2.330  23.230  14.170
   MRO 2.000  17.630  0.690  1.210  -4.320 -12.740 -35.360 -40.050
    FL 2.000  65.680  1.050  1.020  -5.280  -8.110   6.210 119.950
     N 2.000  85.680  0.330  0.010  -6.590 -12.460  -9.180  24.170
  FEYE 2.000  22.680 -0.870 -3.410 -22.780 -47.800 -41.760 -37.000


[  dmi  ]

marketscan.py -g "st_sma&ma10_buy<20,st_dmi&dmi_buy<20" -i 1,2,3 --loadmd -s 2013-01-01


====  scan_st_sma_st_dmi_  =====

symbol      px    ma10    ma50   ma100   ma200  ma10_sell  ma10_buy  ma50_sell  ma50_buy  ma50_200_sell  ma50_200_buy  dmi_sell  dmi_buy
   MRK  54.570  53.910  52.370  54.090  55.790     15.000     7.000    118.000    25.000         76.000       134.000   110.000    6.000
   BMY  68.260  67.510  64.080  63.470  64.130     17.000     9.000    122.000    35.000         49.000       289.000    12.000    8.000
    PG  75.940  75.780  74.470  74.200  77.000     92.000     7.000    221.000    39.000        164.000       403.000    11.000   13.000
   IBM 141.280 137.910 141.270 146.920 154.510    259.000     7.000    118.000    37.000         65.000       128.000    29.000    0.000
    AA   9.480   8.990   9.240   9.420  11.210     34.000    19.000    246.000    52.000        193.000       523.000    16.000    5.000
   GSK  40.920  40.780  40.310  40.770  42.350     50.000     7.000    154.000    31.000        107.000       172.000     4.000    6.000
  ORCL  39.230  39.040  38.080  38.240  40.510    230.000     6.000    122.000    26.000         89.000       237.000   118.000    6.000
  ALLY  20.170  19.820  20.220  21.010  21.390    139.000     0.000    101.000   150.000         48.000       112.000    80.000    0.000
  VIAV   6.390   6.290   5.960   5.910   6.630     11.000     5.000    413.000    40.000        127.000       270.000    20.000    6.000
  BABA  84.000  80.700  73.790  73.660  79.370     49.000     5.000    113.000    35.000            nan           nan    89.000    6.000
  BLUE  80.340  84.560  85.760 114.720 129.030    122.000     8.000        nan     2.000         39.000       365.000    49.000    3.000
   PLD  43.670  42.910  41.620  40.280  40.340    172.000     7.000    200.000    42.000        120.000        10.000    15.000    7.000
 RDS-A  50.100  49.980  50.930  51.870  55.080     91.000     7.000      5.000    81.000        271.000       530.000    15.000   19.000


[  green line  ]

marketscan.py -g "st_greenline&@sctrrank>75" -i 1,2,3 --loadmd


====  scan_st_greenline_  =====

symbol      px   sctr  money_wave  sctrrank
  CTRP  54.425 38.749      57.958   100.000
  AMZN 679.060 36.655      55.936    99.425
  NVDA  32.750 35.560      85.217    98.851
  NFLX 125.370 29.115      72.759    98.276
  GOOG 767.040 27.711      54.694    97.701
 GOOGL 783.790 26.286      56.843    97.126
   PCL  50.640 25.079      69.397    96.552
  VNTV  52.840 22.488      77.829    95.977
  NTES 164.440 20.820      54.879    95.402
   TSN  50.650 20.526      93.493    94.828
  QIHU  69.960 20.318      87.131    94.253
    FB 107.120 19.876      47.583    93.678
  MNST 157.220 19.446      79.613    93.103
   NKE 133.310 19.428      51.955    92.529
  KLAC  67.900 18.701      51.923    91.954
    HD 134.430 18.169      77.726    91.379
  MSFT  55.220 18.165      70.218    90.805
   RTN 124.480 17.268      31.634    90.230
  KITE  76.050 17.003      42.020    89.655
   MCD 114.450 16.556      60.275    89.080
   PSX  92.670 15.373      48.082    88.506
  PANW 188.940 14.560      95.115    87.931
  BIDU 214.110 14.474      81.010    87.356
  LNKD 249.820 14.198      34.861    86.782
   NOC 187.310 13.809      35.354    86.207
     V  79.910 13.296      39.221    85.632
   TRV 115.680 13.226      33.955    85.057
    WB  18.640 12.992      66.333    84.483
  INTC  35.090 12.516      72.942    83.908
  FSLR  58.180 12.290      82.309    83.333
  SBUX  61.370 12.191      33.832    82.759
  COST 161.290 12.125      35.492    82.184
   LMT 220.200 11.926      22.988    81.609
    GE  30.170 11.887      17.083    81.034
   LLY  86.500 11.799      41.274    80.460
   MGM  23.280 11.669      69.013    79.885
   ACN 108.130 11.552      55.442    79.310
   CRM  81.010 11.355      47.945    78.736
   KMB 120.250 11.110      34.071    78.161
  CTXS  77.830 10.701      74.842    77.586
   TXN  58.310 10.576      68.103    77.011
    DD  67.280 10.487      64.241    76.437
  LPLA  46.750 10.313      70.328    75.862
   SAP  79.720  9.903      69.316    75.287


[  golden cross  ]

marketscan.py -g "st_sma&@ma50_200_buy<10" -i 1,2,3 --loadmd


====  scan_st_sma_  =====

symbol      px    ma10    ma50   ma100   ma200  ma10_sell  ma10_buy  ma50_sell  ma50_buy  ma50_200_sell  ma50_200_buy
   JNJ 102.360 101.960  97.850  96.890  97.600    132.000    43.000    161.000    31.000            nan         0.000
   BAC  17.760  17.520  16.550  16.740  16.470     11.000   238.000    102.000    26.000         36.000         1.000
   DIS 115.390 117.310 110.720 109.900 109.140    144.000    42.000        nan    35.000         38.000         6.000
   PCL  50.640  50.270  43.010  41.250  41.170    168.000    87.000    134.000    83.000            nan         7.000
  KLAC  67.900  66.810  59.630  55.080  56.600     50.000    65.000        nan    54.000            nan         9.000
   DOW  53.420  52.730  48.860  46.990  48.130    192.000    42.000     94.000       nan            nan         3.000
    WB  18.640  18.000  15.510  14.290  15.030     21.000   189.000        nan    40.000            nan         3.000
   TXN  58.310  57.750  54.040  51.220  53.010     50.000    55.000    161.000       nan            nan         4.000
    GM  36.260  36.160  33.960  32.110  33.710     48.000    42.000        nan    54.000            nan         1.000


[  death cross  ]

marketscan.py -g "st_sma&@ma50_200_sell<10" -i 1,2,3 --loadmd


====  scan_st_sma_  =====

symbol      px    ma10    ma50   ma100   ma200  ma10_sell  ma10_buy  ma50_sell  ma50_buy  ma50_200_sell  ma50_200_buy
   UNH 115.760 113.340 116.370 117.570 116.900     92.000    23.000     18.000    23.000          1.000           nan
   CMG 580.740 578.010 659.520 690.890 666.670    228.000     0.000        nan   162.000          1.000           nan
   HUM 173.550 168.840 176.670 180.590 180.410    189.000     2.000    102.000    57.000          7.000           nan
  TSLA 237.190 224.160 226.480 239.810 233.680     90.000     7.000        nan     2.000          9.000           nan


====  scan_ms_zack_st_perf_  =====

symbol exg  rank     px   p1d   p1w   p4w   p12w   p24w   pmax
  INTC     2.000 35.090 0.920 1.240 2.720 22.320 15.620 81.380


====  scan_st_perf_  =====

symbol exg     px   p1d   p1w   p4w   p12w   p24w   pmax
  INTC     35.090 0.920 1.240 2.720 22.320 15.620 81.380


====  scan_st_perf_  =====

symbol exg     px   p1d   p1w   p4w   p12w   p24w   pmax
  INTC     35.090 0.920 1.240 2.720 22.320 15.620 81.380


====  scan_st_perf_  =====

symbol exg     px   p1d   p1w   p4w   p12w   p24w   pmax
  INTC     35.090 0.920 1.240 2.720 22.320 15.620 81.380


====  scan_st_perf_  =====

symbol exg     px   p1d   p1w   p4w   p12w   p24w   pmax
  INTC     35.090 0.920 1.240 2.720 22.320 15.620 81.380


====  scan_st_perf_  =====

symbol exg     px   p1d   p1w   p4w   p12w   p24w   pmax
  INTC     35.090 0.920 1.240 2.720 22.320 15.620 81.380


====  scan_st_perf_  =====

symbol exg     px   p1d   p1w   p4w   p12w   p24w   pmax
  INTC     35.090 0.920 1.240 2.720 22.320 15.620 81.380


====  scan_st_perf_  =====

symbol exg     px   p1d   p1w   p4w   p12w   p24w   pmax
  INTC     35.090 0.920 1.240 2.720 22.320 15.620 81.380


====  scan_st_perf_  =====

symbol exg     px   p1d   p1w   p4w   p12w   p24w   pmax
  INTC     35.090 0.920 1.240 2.720 22.320 15.620 81.380


====  scan_st_perf_  =====

symbol exg     px   p1d   p1w   p4w   p12w   p24w   pmax
  INTC     35.090 0.920 1.240 2.720 22.320 15.620 81.380


====  scan_st_perf_  =====

symbol exg     px    p1d   p1w   p4w   p12w   p24w   pmax
  INTC     34.830 -0.740 1.020 0.500 20.450 13.960 80.040


====  scan_ms_zack_st_perf_  =====

symbol exg  rank     px    p1d   p1w   p4w   p12w   p24w   pmax
  INTC     2.000 34.830 -0.740 1.020 0.500 20.450 13.960 80.040


====  scan_ms_zack_st_perf_  =====

symbol  rank      px    p1d    p1w     p4w    p12w    p24w    pmax
  FSLR 2.000  59.670  2.560  8.730  18.320  14.930  -2.610  86.530
  LNKD 2.000 245.510 -1.730 -2.220  16.690  27.410  -1.720 117.940
  NVDA 1.000  32.500 -0.760  5.110  14.110  59.190  50.560 170.170
  AMZN 2.000 676.010 -0.450 -0.440  12.850  25.880  80.550 162.720
  VNTV 1.000  52.590 -0.470  0.440  12.540  19.500  35.860 155.170
   AZN 1.000  34.320 -1.290  1.060   9.440   0.690  -0.070  63.820
   LLY 2.000  84.560 -2.240 -0.210   8.670   1.040  20.220  87.950
    HD 2.000 133.810 -0.460  1.440   7.860  14.480  18.810 124.250
   TSN 2.000  50.580 -0.140  5.500   6.940  22.830  30.500 159.990
   DOW 2.000  52.290 -2.120 -1.340   3.910  12.060   9.720  73.570
    FB 2.000 106.070 -0.980 -0.820   3.800   9.990  28.850 278.820
    FL 2.000  65.890  0.320  1.280   3.580  -8.730   8.260 120.650
   CRM 2.000  80.880 -0.160  0.120   2.950  11.510  18.590  89.010
  BIIB 2.000 284.960 -1.750 -3.160   2.880 -15.040 -31.840  89.970
     N 2.000  87.210  1.790  2.470   2.580 -10.860  -8.860  26.390
   TRV 2.000 114.710 -0.840 -0.800   2.160   8.810   8.200  67.860
  ESRX 2.000  86.670 -0.170  1.440   1.830  -4.500   3.030  55.830
   MCD 2.000 113.720 -0.640  0.120   1.800  15.850  21.040  39.450
   NKE 1.000 132.650 -0.500  0.140   1.620  13.910  33.870 164.710
    KR 2.000  38.110 -0.240  2.310   1.050  -1.930   0.640 201.660
    BA 2.000 146.960 -0.530 -0.930   0.800   2.010  -1.680 104.070
  INTC 2.000  34.830 -0.740  1.020   0.500  20.450  13.960  80.040
     T 2.000  33.560 -0.620  0.300  -0.530  -1.530   5.520  12.380
    GM 2.000  35.730 -1.460 -0.970  -0.610  14.460   2.280  30.950
   BWP 1.000  12.400 -1.740 -0.320  -0.680  -9.500 -22.260 -46.460
   TXN 1.000  57.550 -1.300  0.350  -1.790  13.890   3.060  93.200
  GILD 2.000 104.440 -1.330 -1.810  -3.290 -11.640   6.630 180.390
  CTXS 1.000  77.190 -0.820  1.790  -4.870   0.300  22.020  13.230
   MRO 2.000  16.670 -5.450 -4.910  -8.640 -14.490 -39.440 -43.320
  FEYE 2.000  22.140 -2.380 -4.650 -18.690 -50.310 -44.530 -38.500
