

====  scan_st_sma_st_dmi_  =====

     symbol      px    ma10    ma50   ma100   ma200  ma10_sell  ma10_buy  ma50_sell  ma50_buy  dmi_sell  dmi_buy
179    BIIB 283.530 292.830 289.620 316.740 361.750     70.000    17.000    337.000    12.000    40.000   13.000
1337    UNH 113.820 114.610 118.000 118.790 117.080     82.000    13.000      8.000    13.000    17.000   19.000
1497    PSX  91.070  91.370  82.870  80.930  78.990      2.000    16.000    100.000   247.000    60.000   17.000
1587    AGN 298.710 303.960 286.400 299.960 298.030     24.000    15.000    127.000    12.000     5.000    3.000
1599    BWP  12.640  12.910  12.790  13.230  14.590    122.000    11.000    120.000    42.000     2.000   10.000
3149   ORCL  38.120  39.480  37.720  38.340  40.700    220.000    16.000    112.000    16.000   108.000   16.000
3562   ALSN  27.370  27.770  27.760  28.290  29.640     21.000    16.000    125.000    16.000     6.000   15.000
